7
5 4 1
0 0 1
0 4 1
4 0 1
4 4 1
6 4 0
0 1 2
1 4 2
3 0 2
4 3 2
12 1 1
3 0 6
99999 8 9999
0 0 9999
90000 0 9999
0 90000 9999
90000 90000 9999
39999 9999 20001
9999 39999 20001
39999 60000 20001
60000 39999 20001
250 99 40
0 0 10
10 0 10
0 240 10
240 10 10
0 10 10
20 0 10
10 240 10
240 20 10
0 20 10
30 0 10
20 240 10
240 30 10
0 30 10
40 0 10
30 240 10
240 40 10
0 40 10
50 0 10
40 240 10
240 50 10
0 50 10
60 0 10
50 240 10
240 60 10
0 60 10
70 0 10
60 240 10
240 70 10
0 70 10
80 0 10
70 240 10
240 80 10
0 80 10
90 0 10
80 240 10
240 90 10
0 90 10
100 0 10
90 240 10
240 100 10
0 100 10
110 0 10
100 240 10
240 110 10
0 110 10
120 0 10
110 240 10
240 120 10
0 120 10
130 0 10
120 240 10
240 130 10
0 130 10
140 0 10
130 240 10
240 140 10
0 140 10
150 0 10
140 240 10
240 150 10
0 150 10
160 0 10
150 240 10
240 160 10
0 160 10
170 0 10
160 240 10
240 170 10
0 170 10
180 0 10
170 240 10
240 180 10
0 180 10
190 0 10
180 240 10
240 190 10
0 190 10
200 0 10
190 240 10
240 200 10
0 200 10
210 0 10
200 240 10
240 210 10
0 210 10
220 0 10
210 240 10
240 220 10
0 220 10
230 0 10
220 240 10
240 230 10
0 230 10
240 0 10
230 240 10
240 240 10
18 10 64
50 160 40
165 88 75
99999 99 2018
82786 21041 6000
24270 65440 6000
37438 73082 6000
71087 64974 6000
646 93934 6000
45584 65277 6000
22853 73029 6000
89077 54994 6000
37125 47816 6000
93279 45918 6000
93749 84484 6000
36978 11805 6000
1580 82429 6000
91009 1170 6000
11664 64722 6000
56668 65807 6000
48549 37544 6000
81610 84573 6000
2670 74779 6000
26300 55682 6000
48875 18921 6000
2467 37388 6000
90126 20885 6000
33960 64807 6000
80097 29326 6000
13174 84806 6000
26958 47740 6000
67621 83143 6000
23588 82925 6000
90993 36473 6000
44588 82807 6000
22422 11691 6000
82687 110 6000
15436 2385 6000
79107 65261 6000
91454 10582 6000
59030 37735 6000
460 65908 6000
2270 28073 6000
89802 74618 6000
55715 11258 6000
14306 37850 6000
15080 92678 6000
15380 45624 6000
58946 92333 6000
68591 11248 6000
47290 56746 6000
56610 82388 6000
71150 27399 6000
67663 92222 6000
67556 369 6000
26842 20819 6000
47920 46487 6000
57450 47814 6000
71189 74571 6000
35362 39115 6000
25153 92761 6000
34928 83646 6000
48389 524 6000
82329 38889 6000
34744 1636 6000
59813 1971 6000
788 262 6000
48843 75594 6000
79526 47946 6000
91789 65964 6000
22710 38825 6000
81486 73085 6000
33937 56649 6000
67555 56664 6000
70390 36915 6000
58114 74831 6000
57197 56020 6000
56619 27741 6000
11573 10804 6000
46010 92344 6000
93853 90945 6000
23012 2903 6000
12982 21123 6000
2745 46557 6000
4539 56311 6000
90935 29881 6000
11273 73518 6000
80962 54776 6000
46262 30179 6000
66814 46172 6000
36569 93116 6000
163 9759 6000
69046 21200 6000
45598 9930 6000
12976 55407 6000
80741 9326 6000
2467 19833 6000
36069 28475 6000
80666 93834 6000
14057 28060 6000
60567 18742 6000
37520 20283 6000
25727 28194 6000
99999 99 99
40247 30580 9000
90700 80831 9000
181 10395 9000
10639 60035 9000
60265 80496 9000
70140 40535 9000
20531 30340 9000
60507 40987 9000
908 262 9000
40211 20122 9000
10014 754 9000
20859 70073 9000
90379 70350 9000
20430 20502 9000
316 50471 9000
90578 10318 9000
40146 90757 9000
90170 30911 9000
30611 10243 9000
20432 80588 9000
10641 90993 9000
50868 70172 9000
50259 90517 9000
70384 50973 9000
20430 90224 9000
70753 20829 9000
80296 90973 9000
90511 20616 9000
80089 30404 9000
80417 50048 9000
70890 70063 9000
40507 10627 9000
10843 40534 9000
80785 60007 9000
60588 70214 9000
90245 60876 9000
30736 50650 9000
137 90387 9000
50998 578 9000
60288 50943 9000
70959 30371 9000
30877 60112 9000
50423 20979 9000
80789 20837 9000
30780 80246 9000
80665 80522 9000
865 30510 9000
50317 10187 9000
40664 40517 9000
60347 30618 9000
60860 90521 9000
20457 60836 9000
80590 731 9000
40811 50714 9000
30455 294 9000
70509 10606 9000
10434 30296 9000
60430 565 9000
566 20127 9000
30696 90184 9000
10679 80362 9000
90189 40269 9000
90917 90682 9000
40688 80439 9000
10959 10368 9000
50624 50197 9000
10290 70695 9000
80952 40243 9000
70661 80375 9000
80790 70571 9000
40383 60107 9000
50086 60896 9000
70202 60682 9000
32 60209 9000
60514 60930 9000
70344 376 9000
60274 20225 9000
613 70517 9000
50108 80697 9000
80775 10810 9000
20139 40004 9000
891 80648 9000
30126 20096 9000
40110 753 9000
70012 90153 9000
20716 569 9000
60339 10858 9000
49999 30572 9000
30698 30514 9000
90446 50390 9000
20938 10370 9000
30509 70946 9000
30144 40634 9000
10582 20214 9000
20979 50903 9000
90249 373 9000
814 40211 9000
10034 50595 9000
40163 70174 9000