49 9
34 34 0 1
50 10 0 1
10 22 1 0
40 30 2 1
10 10 1 1
34 28 2 4
50 12 0 2
38 32 2 2
52 14 0 1
22 22 0 0
14 18 2 0
32 22 0 0
20 26 4 0
24 10 5 5
18 10 0 1
44 10 1 1
14 30 2 2
24 22 0 0
48 16 0 3
14 32 0 1
38 34 2 4
10 18 3 0
30 10 2 3
10 28 1 2
20 10 4 4
54 20 0 0
36 34 1 2
18 22 1 0
14 22 1 0
18 42 2 3
34 20 2 0
36 10 0 5
26 42 1 1
48 10 0 2
16 22 1 0
36 28 3 3
10 26 1 1
54 10 0 1
10 24 2 1
40 32 1 3
36 30 3 1
26 22 0 0
10 20 1 0
14 46 3 2
10 12 1 1
34 32 1 2
42 10 1 3
50 16 1 1
52 18 0 1
0
1
10
4
8
3
6
12
99