6
5 5
1 5000 5001 5002 10001
9 2
600 1200 1800 2400 2800 3000 3600 4000 4200
15 6
0 0 0 0 0 6000 6001 6002 6003 6004 11000 11011 11022 11033 11055
12 4
50 75 100 125 150 150 150 150 200 200 300 300
13 9
10 10 20 30 50 80 130 210 340 550 890 1440 2330
200 11
0 202 404 606 808 1010 1212 1414 1616 1818 2208 2409 2610 2811 3012 3213 3414 3615 3816 4017 4406 4606 4806 5006 5206 5406 5606 5806 6006 6206 6594 6793 6992 7191 7390 7589 7788 7987 8186 8385 8772 8970 9168 9366 9564 9762 9960 10158 10356 10554 10940 11137 11334 11531 11728 11925 12122 12319 12516 12713 13098 13294 13490 13686 13882 14078 14274 14470 14666 14862 15246 15441 15636 15831 16026 16221 16416 16611 16806 17001 17384 17578 17772 17966 18160 18354 18548 18742 18936 19130 19512 19705 19898 20091 20284 20477 20670 20863 21056 21249 21630 21822 22014 22206 22398 22590 22782 22974 23166 23358 23738 23929 24120 24311 24502 24693 24884 25075 25266 25457 25836 26026 26216 26406 26596 26786 26976 27166 27356 27546 27924 28113 28302 28491 28680 28869 29058 29247 29436 29625 30002 30190 30378 30566 30754 30942 31130 31318 31506 31694 32070 32257 32444 32631 32818 33005 33192 33379 33566 33753 34128 34314 34500 34686 34872 35058 35244 35430 35616 35802 36176 36361 36546 36731 36916 37101 37286 37471 37656 37841 38214 38398 38582 38766 38950 39134 39318 39502 39686 39870 40242 40425 40608 40791 40974 41157 41340 41523 41706 41889